0.25  0.149
0.275 0.149
0.30  0.149
0.325 0.149
0.35  0.149
0.375 0.149
0.40  0.149
0.425 0.149
0.45  0.149
0.475 0.149
0.50  0.149
0.25  0.401
0.275 0.401
0.30  0.401
0.325 0.401
0.35  0.401
0.375 0.401
0.40  0.401
0.425 0.401
0.45  0.401
0.475 0.401
0.50  0.401
0.249 0.15
0.249 0.175
0.249 0.20
0.249 0.225
0.249 0.25
0.249 0.275
0.249 0.30
0.249 0.325
0.249 0.35
0.249 0.375
0.249 0.40
0.501 0.15
0.501 0.175
0.501 0.20
0.501 0.225
0.501 0.25
0.501 0.275
0.501 0.30
0.501 0.325
0.501 0.35
0.501 0.375
0.501 0.40
0.60  0.599
0.625 0.599
0.65  0.599
0.675 0.599
0.70  0.599
0.725 0.599
0.75  0.599
0.60  0.851
0.625 0.851
0.65  0.851
0.675 0.851
0.70  0.851
0.725 0.851
0.75  0.851
0.599 0.6
0.599 0.625
0.599 0.65
0.599 0.675
0.599 0.70
0.599 0.725
0.599 0.75
0.599 0.775
0.599 0.80
0.599 0.825
0.599 0.85
0.751 0.6
0.751 0.625
0.751 0.65
0.751 0.675
0.751 0.70
0.751 0.725
0.751 0.75
0.751 0.775
0.751 0.80
0.751 0.825
0.751 0.85
